492.54
161.29
475.91
150.12
500.17
134.60
473.16
234.84
204.16
249.94
164.31
126.78
211.61
423.85
218.84
473.13
443.21
318.87
466.28
391.21
300.69
154.69
233.18
204.16
413.05
205.24
243.39
235.79
217.03
425.15
297.90
334.01
340.89
266.86
211.73
214.42
337.95
172.15
392.77
340.96
159.59
212.35
208.66
322.65
135.82
131.19
475.24
187.67
322.38
250.85
413.72
362.52
166.10
429.14
361.01
318.02
467.65
319.40
146.04
453.75
137.54
204.70
246.14
163.96
423.89
331.31
232.33
408.25
468.41
461.61
240.51
313.79
124.69
472.54
209.67
362.23
160.92
304.30
339.14
202.68
214.28
218.64
216.82
161.46
291.59
423.76
246.55
258.08
156.88
244.87
178.69
321.03
374.82
166.93
306.93
321.92
351.04
229.96
351.93
317.83
836.38
1405.15
884.98
1713.36
1263.19
628.31
1050.89
1476.57
864.03
1447.63
801.56
1530.59
1581.32
1607.14
1580.70
1365.91
813.96
791.98
1272.71
801.94
1744.73
1645.55
842.24
1245.01
813.14
1666.51
817.78
803.45
535.33
863.11
1489.78
923.29
1112.25
938.17
1269.84
776.66
1177.52
1409.75
1460.19
833.02
706.12
962.26
1020.51
830.57
874.09
1464.93
1665.30
1487.80
922.80
1489.58
895.88
1497.50
963.80
1446.84
1214.40
612.77
1271.65
1230.68
844.92
796.61
1341.98
578.53
1131.07
869.45
1468.80
1394.32
767.16
791.26
1711.23
450.66
758.41
968.14
860.62
1252.74
1312.65
1354.24
1492.55
816.06
751.20
758.82
1556.70
1302.43
1073.09
1705.35
836.49
1134.44
784.15
925.23
857.81
1441.83
1581.17
1273.38
891.74
565.66
493.84
1148.24
942.42
693.35
713.40
904.52
1858.01
1566.85
1569.38
912.51
1385.00
1938.19
1025.08
894.57
1254.40
1715.22
1529.84
1282.42
1350.06
1013.87
1695.09
1705.71
1558.31
1117.44
1891.26
1617.75
1049.07
1407.28
1916.79
1702.83
1630.69
1473.48
1409.21
1528.57
1119.00
1614.46
690.91
1561.18
1132.95
1611.59
1037.61
1732.22
1174.49
1645.79
1625.66
1639.26
1083.38
1512.47
795.49
1634.73
1734.51
1809.30
1987.64
1796.98
1524.70
1638.54
1162.89
1224.44
1868.23
1587.85
1847.67
1078.09
1476.79
877.63
1530.84
1207.34
1546.57
1662.66
1889.41
1299.37
1611.38
1783.91
1698.06
1190.43
1496.48
1889.36
1630.99
1803.40
1548.27
1243.33
979.68
976.88
1847.24
1367.41
1545.23
918.93
1971.66
1152.90
1513.45
1991.01
1231.99
1918.01
1781.88
1184.50
1773.23
1146.18
2083.82
1918.68
2126.01
1923.24
1008.36
1493.50
871.48
1807.07
1584.66
1678.56
1525.69
1034.34
1337.06
813.80
1414.90
841.24
1037.04
1449.65
1387.63
1502.08
1016.76
1300.44
1148.33
1216.49
1287.00
858.53
1019.41
627.80
1129.92
1120.09
1580.17
922.63
738.56
1334.08
1534.41
1018.68
1197.49
1630.86
1161.72
911.12
648.84
670.47
644.42
1924.49
1348.47
783.75
670.24
657.62
1014.50
1009.58
714.69
900.37
1221.37
1441.42
958.32
1096.53
1235.85
660.53
988.44
1198.32
1781.62
953.50
655.57
1194.70
638.28
758.95
1318.24
1364.67
626.89
744.40
711.22
1076.40
1887.03
1195.36
666.89
1680.14
1425.07
858.98
738.40
1174.37
1000.92
1060.09
1363.26
1249.93
1294.12
1081.05
1444.22
588.91
704.74
1214.50
783.46
1034.01
1338.41
591.93
1075.14
679.06
1927.67
543.20
823.11
1409.42
661.18
1015.48
631.44
1407.90
1744.00
1130.25
1341.77
815.93
1165.95
1699.65
847.22
766.87
871.03
1068.73
628.91
522.02
984.74
864.48
541.20
1132.32
648.94
1098.82
795.69
976.08
717.40
607.11
1132.65
536.05
1452.70
526.01
1094.17
494.36
839.16
962.53
727.95
810.44
1286.59
704.89
525.22
1369.57
498.77
695.29
964.00
995.13
609.13
1504.83
907.60
846.20
773.32
1010.60
1015.05
895.24
524.27
589.25
547.46
1114.81
657.33
877.81
1114.00
601.15
313.41
282.39
298.20
675.95
1197.65
508.10
845.98
780.94
460.06
790.54
786.74
768.63
875.82
695.32
1163.11
469.64
802.04
1139.00
1203.18
332.71
772.35
859.32
1100.05
1096.45
699.17
772.48
1103.62
1088.94
881.38
377.68
585.53
697.45
296.06
310.22
677.23
645.45
1143.88
859.86
756.13
1120.94
554.48
641.77
354.17
744.61
353.10
296.08
1122.88
854.71
825.84
777.86
1028.72
837.36
601.26
281.63
1071.06
314.86
830.53
671.66
787.47
588.82
915.00
762.86
664.08
461.51
276.40
726.76
773.54
1166.82
840.06
464.36
960.78
831.38
1201.92
467.27
608.14
493.95
616.05
814.82
819.85
395.49
710.18
888.80
827.28
631.99
285.87
854.01
955.73
292.45
1104.85
621.53
901.36
1038.08
806.66
290.06
474.45
329.76
1199.04
1115.78
391.97
853.21
1501.99
1202.70
1256.23
1467.40
1252.39
507.69
690.44
762.54
1158.55
1453.48
725.94
1413.05
947.44
632.71
1469.40
695.91
723.80
570.62
913.82
1424.47
577.99
625.72
828.45
1482.08
1281.98
695.26
1440.07
678.24
1296.05
655.86
616.86
1120.56
595.28
529.75
760.42
1534.54
1283.73
934.79
1096.57
1256.94
1543.02
891.12
1076.15
1505.82
752.13
1368.91
1204.65
1215.97
798.23
1262.21
1452.63
758.33
1582.27
1400.27
553.48
1423.20
827.81
638.51
706.96
1485.26
824.60
1136.70
1218.82
1564.43
1488.54
773.63
1093.78
1299.38
1430.05
692.10
1514.67
480.25
1364.42
459.81
877.02
1344.60
1283.51
751.04
1473.83
1048.10
811.07
695.57
721.79
1512.75
867.25
673.39
1548.86
1424.26
837.81
1502.64
546.20
1140.53
673.77
997.32
962.99
1156.65
634.73
1299.52
1408.74
788.32
1852.84
1998.96
2044.60
1878.41
1850.63
2029.12
2035.42
1919.84
1973.88
2028.82
2029.38
1916.96
1732.76
1953.93
1787.62
1890.06
1723.47
1955.71
1784.93
1777.54
1812.46
1754.05
1937.02
1981.85
1990.68
1852.55
1887.93
2093.25
1785.92
1993.72
1699.93
1703.28
1973.44
1889.77
2137.81
1728.01
1852.34
1852.88
1950.86
1787.59
1856.77
1994.34
1944.44
1778.59
1785.03
1794.85
1961.11
1708.65
2231.64
2164.27
1837.25
1922.03
1879.58
1926.84
1929.43
1845.46
1972.33
2089.66
1780.98
1859.55
1797.78
1970.39
1860.01
1879.24
2040.00
1813.16
1935.47
1844.91
2040.61
1850.23
2194.87
1878.07
1915.98
1994.87
1836.80
2117.13
1878.88
2046.19
1920.36
1829.04
1963.49
1897.01
1834.97
1932.79
1992.36
1875.23
1886.72
1859.41
1844.40
2018.00
1818.86
1897.06
2195.93
1835.43
2005.87
1700.39
1893.20
2143.42
1747.67
1805.28
1325.35
1216.88
996.69
1868.93
1481.44
783.61
1271.66
1352.90
606.12
1210.09
2129.64
1559.34
1857.17
1764.34
1524.45
1958.73
1745.13
1821.24
1832.36
1311.88
1405.69
2191.05
1727.35
1837.83
1369.80
1463.77
1665.97
861.47
2006.47
1441.35
1693.93
1575.46
1772.46
1037.37
1334.80
2053.32
616.73
1836.01
1704.25
382.68
1856.30
1974.73
1181.44
626.77
1308.89
1737.35
1931.09
723.62
1621.03
1445.65
1566.89
1498.72
1252.93
2047.89
1585.20
1041.54
1531.53
1888.44
1121.69
1859.92
1239.44
1061.51
774.01
197.09
1319.54
1302.01
1167.42
1902.49
1327.98
851.43
1521.24
1398.70
1358.14
515.34
1532.66
1625.12
1361.48
1637.94
663.08
1590.18
1277.89
905.30
1478.45
1956.01
636.93
1603.66
1494.19
1758.56
1025.58
1788.39
2172.52
836.97
1286.16
1341.85
1459.89
1738.19
1823.85
1257.83
992.58
1248.40
1342.69
1861.84
1535.73
1759.39
1821.51
1853.35
1834.90
1826.19
1319.76
1669.27
1362.55
1154.49
1244.73
1462.86
1317.94
1210.96
1328.47
1432.82
1311.53
1636.76
878.61
1617.73
1802.53
1193.68
1172.36
2213.17
1228.49
1620.67
1503.20
1899.43
531.10
1469.74
1380.03
1078.49
638.66
1448.30
1133.55
1231.20
1764.19
1186.56
913.35
1445.34
804.37
1905.74
1016.37
1917.38
1937.08
1101.49
771.16
1727.52
1691.39
1570.17
1929.89
2182.40
1504.42
770.89
1675.71
682.80
1275.62
1929.05
1953.83
779.32
668.82
1427.51
1572.18
1137.21
823.06
1702.63
1525.77
1982.06
1907.25
1912.06
1024.69
1827.57
1104.89
1436.54
1678.51
1914.58
1677.67
1716.18
1001.78
1766.71
1890.76
1528.46
1641.63
1364.86
548.50
1003.16
733.82
1392.09
1995.86
1891.05
1229.72
1406.40
1173.15
1478.75
1650.88
1628.86
1465.85
1682.98
1520.62
1407.40
1899.30
1551.65
1075.51
1652.68
1350.88
1514.98
1638.31
1988.87
1493.07
1590.22
1798.74
1510.66
1617.06
2170.04
1853.94
1950.92
1541.13
1004.98
1144.66
2031.83
1926.55
1822.25
1411.87
1644.48
804.16
489.28
1410.21
1515.46
1131.04
1036.77
1187.27
1884.76
1975.15
1649.99
1619.51
1973.80
2022.10
1786.08
1485.58
1679.20
1905.68
1471.88
2027.39
1444.08
1391.98
1812.64
1784.84
1840.47
641.81
729.50
1925.12
1582.97
1747.37
2148.13
1696.14
1750.85
1596.17
1943.17
1312.85
1756.56
850.38
1486.37
1627.81
1666.52
1205.46
1486.17
973.78
1928.33
1684.42
764.47
1614.80
1807.55
762.61
1258.53
1599.32
1800.32
1835.10
1202.71
1170.61
978.79
1000.66
1485.56
1429.21
809.51
1760.66
1123.33
1088.60
1811.47
1507.98
1032.26
1741.96
1212.44
1088.18
1545.15
558.19
1282.53
1202.90
1702.08
730.49
1264.17
1021.12
1995.42
1466.63
1412.90
1737.13
1726.98
909.88
1904.70
1656.56
1052.32
1163.62
1648.96
1583.92
1155.28
1744.57
1799.16
1677.24
1572.47
1454.35
1753.89
678.41
1293.66
1364.99
1636.67
1153.85
1597.81
1827.65
948.03
1472.89
1252.52
1806.63
1659.74
1415.59
612.41
1191.41
1899.39
1657.48
840.55
1819.40
1408.55
1224.20
1874.16
1490.30
1438.14
476.10
994.42
1834.24
1590.66
942.43
986.51
1871.61
1089.57
1319.67
1728.55
1653.26
1487.36
861.84
1759.62
1498.85
1791.03
1836.99
1358.06
1508.46
1580.72
1878.72
833.59
1697.93
1666.37
1572.61
1414.36
1761.37
793.69
1667.98
1474.45
1911.65
1998.45
1585.17
1628.21
1419.82
1798.07
1710.60
943.73
1064.87
1321.32
1295.22
1514.59
1810.89
2041.05
1524.01
1210.59
1398.66
1203.28
1486.20
1106.10
1920.60
1707.85
1777.04
1283.71
1675.08
1584.87
352.49
2149.67
1399.17
1675.10
1634.51
1928.04
1901.28
988.22
597.42
1217.71
717.20
1849.86
1777.73
1930.38
498.74
1252.90
1726.31
1506.25
1550.65
1478.34
1049.18
1759.80
995.13
1645.90
1635.68
1516.05
1908.53
1674.16
703.04
1639.56
592.63
1567.28
1737.78
1778.57
880.76
1485.97
1172.50
961.79
1593.92
863.20
1680.99
1667.57
1675.15
1994.02
1805.99
1461.65
1225.03
1153.26
1700.01
1228.48
1576.37
1296.51
682.68
1178.78
1357.42
996.03
1793.48
1356.49
2021.38
460.27
1843.10
1539.65
1847.10
1646.59
399.36
756.62
1713.95
627.38
1014.70
1563.07
1485.47
1742.34
1351.17
1815.36
1285.97
1748.67
810.78
1523.73
1523.04
1161.10
1515.12
1597.48
1653.37
461.16
1244.78
780.06
1494.24
1556.93
1034.61
1186.00
868.66
1100.41
1097.80
1516.31
1872.76
1891.00
1935.07
1237.07
1972.97
1863.30
993.10
1223.70
716.66
1088.26
1505.60
1171.19
1820.57
1746.28
1512.60
875.45
1596.83
1222.65
1731.47
1836.81
1980.69
1210.43
1762.71
878.96
1461.77
1336.63
1128.48
1664.60
1402.06
1660.11
1776.53
933.29
1262.79
1498.04
681.71
1561.62
1407.97
872.69
1914.69
1507.35
2103.92
1227.67
549.60
1108.41
1519.29
1808.20
1741.72
1605.52
1313.26
1410.32
1642.25
1533.84
1391.17
1419.75
2002.46
1400.45
1584.73
1427.15
1699.26
1837.44
1722.98
1745.72
1342.48
1009.24
1155.52
1476.55
1509.20
945.75
1893.27
1557.95
830.22
1516.75
1959.48
1579.07
1255.82
915.87
1558.38
1218.94
804.42
1384.47
941.47
1399.05
1155.61
1310.92
1650.06
963.53
1268.23
1231.59
1147.82
1546.85
1596.69
799.05
1717.51
1106.13
407.45
1344.02
957.45
1452.65
996.57
1670.01
1159.63
1329.16
1214.61
1751.53
1035.79
1614.27
1242.09
1685.56
1923.36
2159.55
1681.18
1261.01
603.35
1807.14
1592.74
1497.61
1442.93
1641.05
1885.24
1433.37
1521.01
1433.74
1124.83
2053.25
1814.35
1895.07
1137.44
1350.61
1699.40
1649.27
1409.97
690.40
1836.28
1465.93
1835.28
1365.12
874.93
1773.14
1798.34
1383.29
1947.26
1491.67
1604.16
712.90
1517.83
2094.06
1371.85
1601.46
1903.98
1714.48
1488.43
1856.40
1525.97
1525.93
1491.73
1529.89
1581.17
2146.33
903.78
731.09
1808.86
1554.67
1278.33
395.01
1317.44
813.54
931.50
1844.56
944.83
1528.54
1729.75
1794.16
1403.84
1921.73
1339.49
1048.09
1343.93
1894.17
1546.75
1636.39
1588.08
1403.04
967.57
1488.23
1543.54
1233.76
1426.28
1704.44
1595.15
1088.14
1701.28
1391.00
1681.75
1854.03
1100.62
1936.13
1514.08
1789.03
1095.08
1998.28
1509.61
1980.40
1263.37
957.22
1972.34
1808.49
1509.88
993.00
1459.55
1802.20
1467.03
1601.88
1296.87
355.36
1618.20
980.22
1096.19
1216.05
2208.52
1214.94
1394.74
1714.33
1090.30
636.51
1348.48
1580.17
1394.36
1557.92
1018.05
1075.52
1298.84
1370.93
1505.90
1194.23
1811.42
1646.88
1209.26
839.00
1509.25
1787.04
1546.98
1485.29
1478.79
676.16
1397.32
1060.90
778.64
1273.60
1597.80
1617.38
1831.10
1256.10
1753.84
985.46
1657.38
1843.71
1145.97
2007.00
1147.73
1896.85
761.06
578.90
1487.89
1061.60
1807.21
1232.42
1797.61
1532.38
1492.94
1612.80
1222.30
928.35
1871.17
1684.10
532.43
1214.49
853.29
1052.74
845.77
1462.89
1406.61
1547.85
2046.43
565.06
801.75
511.44
1382.75
1127.75
1512.34
977.42
2182.07
1586.08
292.39
1528.88
1157.23
682.16
1174.98
1480.55
905.79
1789.95
1847.73
1581.73
791.84
446.90
1492.82
1157.96
1500.16
1541.43
1227.68
1649.11
429.86
578.16
1695.00
1727.38
743.75
942.29
1193.40
1401.22
1484.11
1325.58
1795.56
345.27
1351.31
863.14
1448.54
1520.45
1790.41
1676.92
1509.26
1915.10
1382.93
1962.68
1230.86
1607.06
886.22
1412.78
1191.29
799.29
1579.50
1654.85
1634.41
1609.79
1416.68
1664.93
1417.67
1128.06
1264.17
1310.66
830.07
1749.98
1658.20
1501.19
1413.71
2119.49
1877.35
1742.19
482.07
1110.46
1326.68
2036.76
1615.19
1092.60
1461.18
968.75
1933.25
1694.27
2163.93
1627.31
1432.23
1038.91
2160.44
1724.41
539.22
1290.26
914.15
1380.43
1569.99
1566.69
1428.31
1674.92
1451.34
1629.69
1107.82
1154.78
1507.96
1544.05
799.50
1515.38
1526.85
975.18
675.79
854.18
1350.14
1116.15
1520.27
1007.11
1851.96
1742.92
636.21
1517.19
1474.17
1415.04
1315.99
1263.82
1772.70
1515.16
1890.15
2110.30
1977.75
1733.15
1401.54
1163.38
1585.67
1524.01
1709.27
1705.65
618.86
1796.44
1888.60
1852.01
1749.07
1326.01
1370.68
1179.93
1247.46
1813.58
777.98
337.48
877.55
569.66
1329.54
1023.53
852.02
636.64
950.98
1569.86
1509.39
599.47
1085.93
1967.16
924.91
1813.49
1841.91
1490.97
1716.15
391.37
1505.87
1548.10
951.65
1311.90
1374.81
1170.04
2014.34
1245.57
1561.89
672.03
2243.80
1209.85
1912.80
1247.76
1452.65
1365.49
1620.10
636.93
1453.21
376.76
1420.59
1730.88
1874.39
421.14
1759.19
644.09
1116.90
992.34
1165.16
1701.24
1372.47
1531.94
1567.25
928.23
669.77
1145.31
1936.29
1815.39
1157.68
2016.82
1871.42
1666.85
990.39
1511.44
1471.93
769.52
1619.61
1160.83
1711.03
1324.48
1432.31
1682.56
1497.18
1331.74
1753.95
1819.66
1631.38
1506.50
1204.27
1600.25
1774.45
1098.27
1708.15
1159.50
857.87
1754.69
1595.56
1910.66
1019.85
1113.95
1125.11
1095.92
1863.93
1271.70
1989.53
626.72
1395.04
1437.33
1419.45
1508.52
1767.62
1991.52
1549.77
1118.50
1225.32
1805.14
1975.50
439.04
1915.98
806.99
1061.98
1799.93
948.91
1475.36
603.42
1880.04
1512.66
1940.26
1928.11
1272.86
1650.23
1538.09
1945.44
1619.34
1502.49
970.70
849.93
1588.93
842.89
1722.15
1451.37
1377.09
2092.35
1569.49
1564.15
1576.48
1118.06
1763.18
1779.20
1939.68
598.90
945.66
1052.00
1521.55
1872.60
1598.83
1538.35
1877.37
1627.80
1505.47
1674.16
1783.30
1511.78
1943.71
966.81
1371.65
907.40
1684.93
1705.82
1726.20
659.66
1427.71
814.48
1186.23
1269.93
1159.39
510.04
1435.75
1400.98
1648.59
1195.87
742.39
1140.81
1653.95
638.93
682.19
1618.87
1763.17
1142.17
1785.59
1567.09
1789.69
1629.19
1649.16
1609.68
1323.94
1793.70
1583.54
1274.63
784.28
1037.46
1109.74
1461.88
606.52
1530.44
1870.01
1661.25
1402.56
1488.29
945.65
1717.32
2014.61
1531.39
1165.80
1839.99
1192.40
1321.50
1530.04
1598.94
982.21
1185.91
1879.51
1894.06
1814.15
1213.25
1665.63
1816.58
1652.99
1937.42
1729.83
1417.14
1733.28
1466.92
1829.43
1168.13
1682.62
1322.63
1508.79
1536.26
1414.65
884.99
654.82
1778.73
1588.13
1208.93
1063.62
1167.24
1469.04
1287.10
665.72
717.51
1589.78
1723.05
1552.42
1519.91
1991.27
1908.80
2060.38
1171.83
1498.82
997.99
1215.19
995.82
1863.85
665.87
1632.71
1095.34
1737.11
1886.52
1355.17
1598.60
969.16
1490.12
1747.04
506.25
1393.59
1187.95
1481.70
1252.28
1559.02
754.41
1430.54
1484.51
196.12
728.23
2013.18
1508.15
873.59
1153.71
1817.35
603.00
666.20
1962.84
1733.05
1727.62
1922.31
1885.78
1215.27
1556.02
1279.15
1855.63
1628.67
1625.01
1539.25
1807.53
579.28
1747.13
1363.82
1544.14
1515.05
798.60
1257.44
1479.04
1534.77
809.85
1409.47
1898.28
1393.02
872.53
1481.59
1256.13
1652.53
1814.42
1836.71
608.29
230.76
809.94
1603.56
1765.34
1811.50
1573.83
1606.24
1831.42
1737.88
1746.10
607.62
1587.85
1946.67
1567.45
1768.52
1942.41
1479.37
1929.25
1463.06
1234.73
1461.05
890.56
1676.52
1529.16
1775.41
1257.34
1391.60
282.87
1857.05
1416.42
1383.66
528.52
881.05
1856.78
1550.80
1732.54
974.92
1818.08
1414.20
910.03
1596.67
1282.60
881.61
677.49
1171.40
1890.65
1888.77
1396.29
634.56
1255.81
1164.86
1031.91
1743.88
1253.88
1442.68
1324.36
1467.21
1515.31
1776.88
800.11
1424.31
1843.58
1657.63
425.91
1929.47
1432.80
2169.48
1773.64
790.27
1131.83
598.82
1680.95
1757.17
791.91
1110.55
1708.11
596.14
1134.50
893.71
1581.39
1526.47
2222.60
971.23
1208.04
1238.75
1606.74
1915.50
623.70
1936.94
1283.59
1470.51
739.80
1610.25
1518.92
1924.09
1761.94
729.75
1683.90
1198.91
1843.67
1353.75
1629.63
1753.51
741.31
1219.72
1049.45
967.88
1491.62
1370.04
1692.38
1484.90
1381.64
1567.57
1270.85
1378.08
1272.96
1914.40
1003.34
1811.67
1560.90
1689.67
1532.29
1030.38
1478.96
1934.49
1656.57
792.23
1561.60
1532.69
2009.72
1673.65
1703.98
1814.34
1412.01
1510.70
1661.00
1816.90
1078.31
1587.29
792.02
1737.67
1829.36
426.46
1629.07
1893.47
1828.89
1520.20
1442.55
794.66
1168.30
1849.54
1168.69
1786.68
1249.91
794.29
1511.43
1596.05
1436.53
1849.41
1199.09
373.81
877.58
1762.95
2052.26
1852.42
1637.33
2038.62
1361.95
1494.48
1749.35
1668.50
1276.75
1487.36
1474.48
1663.18
990.56
1538.98
1490.29
1101.24
980.00
632.29
1887.73
1333.27
1367.88
822.64
1129.95
1509.11
1610.14
1016.67
1330.40
1716.14
847.50
1971.11
931.26
770.52
1712.88
1039.09
1655.18
1916.46
1088.59
1748.62
1797.35
1931.18
658.46
432.40
841.71
1508.96
1800.99
581.34
1738.44
1863.16
1312.23
1621.94
795.04
753.00
1723.91
826.04
155.78
1389.05
1952.78
1674.15
1640.15
1967.72
1724.22
2045.61
1639.29
1390.86
1272.42
1747.10
888.70
1479.30
1521.36
1825.38
1196.06
1620.57
1209.98
1681.63
1562.85
1439.33
1393.15
929.00
1769.22
1033.33
1763.10
2096.95
772.24
1840.08
128.37
1964.39
1373.08
1707.12
1767.52
1012.37
1834.01
1939.34
1659.96
1647.99
558.11
1502.47
1760.06
1393.34
1503.98
1746.63
1196.64
1905.52
1521.98
1271.92
241.10
1899.45
458.13
279.88
1247.81
917.28
1798.64
1820.97
1468.77
1760.09
1568.67
1414.95
1541.20
1115.84
772.14
1776.56
1260.00
1574.59
1385.38
1412.73
1792.34
1632.72
1473.07
668.07
1478.80
1496.78
1860.25
1000.60
680.12
1200.91
1270.66
1337.87
1047.56
1543.55
1441.22
1707.78
775.40
1684.96
859.99
1964.36
1977.70
1470.48
1251.70
1509.25
813.98
1789.72
1259.43
921.27
1629.07
1050.14
821.70
577.09
943.94
527.48
1846.41
1899.02
1668.41
1296.68
1152.29
474.98
1528.53
1765.67
1154.24
452.05
1636.75
1693.86
550.98
1367.18
739.04
978.36
1159.34
2055.72
848.24
337.62
1357.72
1868.07
1500.19
1866.90
1905.81
1137.14
1646.01
1929.83
1211.47
900.18
1076.31
1731.40
1330.72
1628.84
1031.18
1516.01
2118.51
1669.63
1209.05
1929.68
1957.49
1359.99
1704.56
1510.79
930.19
1889.33
1297.05
1211.28
1559.08
1771.93
1494.42
514.19
1501.25
793.19
1131.60
243.31
1742.36
1846.66
1739.88
1154.94
1338.21
1741.02
1980.07
1633.51
1240.16
1487.48
620.67
1860.01
1856.40
1082.91
1805.42
1304.53
1747.00
1695.77
1628.42
672.80
1042.01
1564.06
1826.17
1467.21
1231.43
1569.16
1421.08
1139.63
1773.38
1528.53
1823.63
1567.82
861.21
1765.23
1455.91
1659.00
995.69
1557.54
1141.15
997.14
1527.93
1640.02
1413.36
1450.54
1859.23
1168.96
807.04
903.24
1817.21
1616.93
1703.00
1379.59
1411.21
1306.16
688.44
2054.71
1041.07
1790.42
1127.77
1643.43
629.32
1258.45
1205.60
1061.57
382.07
1707.78
1666.41
602.63
1230.19
2073.93
1849.34
1150.32
1845.37
1233.97
1581.12
1590.62
1558.53
2194.35
994.96
530.05
1951.91
1696.00
1492.42
1841.37
2121.81
1492.21
1620.43
1574.93
1343.54
1184.55
1137.33
1196.57
1597.14
1511.85
1952.06
1532.30
1597.71
1551.47
1648.91
1322.33
1797.12
1059.92
1347.93
1397.07
1613.79
2090.01
585.32
1140.49
1436.77
1920.74
1747.96
1170.93
1945.35
1628.48
1646.92
1874.17
881.38
828.87
1825.71
354.80
1847.04
1922.76
1876.32
1758.43
1373.61
1497.04
1521.80
1849.44
271.01
1689.04
1153.75
1238.84
1982.62
1255.40
1167.11
1468.42
1613.01
1640.54
1460.29
1515.52
1348.65
1870.81
812.25
1385.62
1120.52
1229.32
591.13
727.89
948.19
1536.65
511.42
1472.14
857.00
1464.54
1839.48
1931.45
1563.64
1936.12
1495.22
1336.75
1665.04
1947.42
1205.57
566.32
1170.62
1822.20
1590.55
1799.84
1862.29
705.79
451.91
1775.57
1131.36
1859.57
830.04
1902.56
1090.42
1616.66
1124.81
1136.80
1387.89
1328.57
1857.50
1242.86
1996.65
1519.29
1392.36
1640.90
1747.53
1928.58
1677.90
1559.61
1248.28
2118.40
1121.34
826.61
1521.33
1277.10
1623.55
849.20
1280.85
1240.41
1657.63
1631.30
1964.49
1197.94
1370.19
1604.20
533.99
1650.47
1493.32
1802.24
1835.02
582.90
632.44
1690.02
1822.56
1176.66
1741.89
823.02
1181.06
1395.95
738.92
2201.35
1397.08
1068.39
1858.48
1803.38
1440.46
1039.16
768.85
1442.70
1594.30
1771.78
1517.87
1710.07
1634.66
1245.75
1873.51
1672.86
1252.14
1886.78
316.81
1688.57
1403.45
1750.78
632.81
637.70
1911.64
1651.39
1201.70
1008.32
1558.36
1961.30
1698.35
1355.65
1664.15
1640.65
1241.67
1700.72
1651.04
1471.98
1163.33
1300.41
927.06
1775.41
1981.60
1554.53
1913.46
2157.01
1821.62
1456.60
1659.34
702.48
794.34
1481.29
802.80
1509.18
1395.25
1793.78
1110.85
1628.25
1639.39
1578.61
1564.00
1522.78
1802.43
463.45
937.88
623.43
1430.52
762.08
1878.06
1654.59
2158.09
1594.03
1390.58
1082.72
524.44
965.93
1630.49
1502.80
1605.90
984.14
917.28
1248.77
1321.75
1561.45
894.07
946.71
1569.73
1614.35
2006.64
846.46
1215.16
496.76
844.55
1582.47
1326.18
1759.99
1530.26
1650.63
1423.47
1862.16
1811.48
1107.66
1936.47
1539.08
1557.69
966.02
1508.81
1727.87
372.88
1863.43
1875.92
1138.50
1526.77
962.92
1687.84
1214.22
1425.58
1489.91
1448.04
650.72
1667.61
1614.31
1658.96
953.04
1104.61
1888.05
766.87
1773.36
1933.82
896.59
1469.45
1802.56
1391.31
804.31
1814.54
1197.01
1262.44
1288.35
1684.51
951.29
1361.43
1972.15
1585.73
1211.75
1673.96
1558.22
1380.35
1102.19
1468.71
1167.50
736.71
1145.18
1468.68
407.54
1633.81
397.58
1554.26
1276.63
1736.51
1699.32
1620.09
1412.82
1523.72
427.16
998.22
1487.09
1889.18
1140.42
1648.95
1924.81
1613.90
1466.66
1545.41
1151.52
1591.25
355.59
2261.04
1437.91
977.85
780.00
637.58
1828.50
1405.91
1488.07
1936.67
1780.28
1313.78
1607.13
1503.20
943.59
1876.41
1633.75
1591.39
1508.63
1531.03
1980.28
1499.54
1683.79
1049.39
948.65
1718.99
1790.80
1248.68
1041.33
1983.44
1392.40
1831.02
1634.81
1507.48
1478.80
1120.97
1629.42
1331.49
1966.23
1259.75
1777.07
1553.39
1634.03
2126.37
1357.42
1382.21
1643.71
1474.09
1539.08
917.31
1095.26
1667.45
1414.66
1856.45
1626.44
1297.47
863.90
1178.51
1045.65
1789.16
1525.48
1325.32
1874.38
932.71
1748.75
2102.36
1925.97
1632.21
1657.01
1601.59
1250.35
581.18
1666.73
2070.41
1797.38
1739.77
2228.87
1652.05
1878.40
1251.33
1007.84
1284.30
1753.81
1564.60
1645.80
1230.28
1641.48
1670.02
861.74
1756.50
1381.97
1957.36
2072.49
1273.62
949.39
1575.60
1831.20
1744.92
1686.30
1030.05
1840.02
1874.02
1889.56
1058.52
1538.22
1974.35
415.30
539.28
1429.32
836.71
1378.22
1188.80
1775.08
1110.61
1165.08
1189.94
1138.19
1718.84
1661.36
1374.81
1240.79
1686.14
1621.37
1543.21
908.19
1992.74
1469.06
1510.45
1336.16
1518.93
1709.42
1292.33
1015.76
363.47
829.58
1607.84
933.15
1394.64
1475.37
1614.05
2084.95
1870.91
1765.79
1611.66
1748.03
1381.39
1917.80
1512.20
1606.99
1886.37
1985.90
1541.66
1745.08
1568.34
1564.72
1869.43
1087.75
1030.74
2010.45
2061.69
1531.60
933.19
1644.54
1962.77
1520.30
1681.67
1470.89
2018.55
1005.53
1680.45
647.89
1177.30
1586.58
667.77
1402.45
1619.18
1873.70
1743.59
1661.17
1200.39
1147.78
1298.66
1915.03
1869.45
1429.51
1714.57
1325.61
910.03
1604.45
1171.59
1623.77
1320.40
1518.09
1835.75
1947.46
1926.09
1500.59
981.13
1845.86
1112.57
1619.75
1378.52
1733.57
1266.57
1002.79
1246.25
1716.15
1497.08
1597.90
1061.69
1707.23
1649.12
1828.13
1998.58
1638.50
423.73
1382.81
1187.24
1278.50
2235.50
816.61
1612.53
1821.49
1228.80
1249.78
1815.40
1727.89
1582.28
1600.56
559.51
777.64
1204.34
1540.77
1376.59
1691.37
1637.58
1432.72
1382.31
1527.69
938.82
1598.16
1847.87
1932.60
1886.48
1792.64
1523.34
925.43
887.43
1650.64
941.32
1569.19
1536.54
1624.34
929.11
1680.26
1950.76
954.80
1812.53
982.75
927.20
1762.65
1232.53
1773.25
1795.58
1608.84
901.07
1492.97
936.02
1375.35
1530.46
1106.06
1588.03
1532.93
998.54
827.87
1430.66
1078.94
1801.68
1188.07
1307.37
1705.96
1436.54
828.91
1235.55
1501.31
801.17
624.72
655.21
384.15
1392.70
1842.80
686.63
1617.71
1564.15
1554.96
1551.80
1552.07
1881.87
815.88
1487.02
2175.61
1570.10
1802.50
1355.51
1264.54
1720.18
1323.54
1192.90
1140.28
1568.11
1767.14
1468.25
1168.43
1664.38
750.43
1027.95
949.27
1622.82
971.04
1431.70
839.39
948.01
1409.78
1059.28
834.24
422.77
1921.27
980.72
846.41
1872.67
818.53
1848.20
1355.53
1613.11
1843.89
1289.64
762.53
1810.39
1930.85
1845.08
650.16
994.37
909.34
1620.76
646.91
1496.66
1670.31
1488.77
1894.16
1093.39
1123.11
1673.57
1580.92
1900.80
1982.60
1523.65
1681.32
1829.97
695.91
1628.58
1007.76
1748.26
955.21
332.63
829.61
1182.82
1732.74
1877.58
1012.99
1453.70
1301.33
819.75
1370.43
1673.55
1471.08
1586.99
1858.96
790.84
1629.33
874.71
1772.18
1118.09
1242.40
1139.29
1875.14
1350.88
1223.61
1948.06
1633.12
1215.32
1919.52
1487.96
1417.21
2022.20
1730.59
1134.68
1508.03
1248.02
1632.03
1293.18
1698.22
1181.81
1646.93
1627.41
1744.77
1831.11
2061.37
2148.81
719.25
1493.79
1983.60
1604.10
707.58
719.59
1131.07
2070.93
1384.07
1419.79
1752.03
907.22
1677.64
1594.45
1776.02
576.33
1023.22
1693.99
1774.28
951.50
1167.30
1929.07
1781.25
1730.69
1582.42
1123.14
623.24
1959.99
1441.73
1211.72
2212.27
1511.48
1755.86
1254.77
1633.83
1744.93
1848.85
1799.87
849.07
1640.81
1386.92
1559.22
1790.49
1435.85
1746.67
1372.44
1657.48
849.03
705.43
1139.94
931.74
1668.52
1171.97
1864.95
1225.77
1362.53
1494.63
1251.67
1537.49
1204.87
1964.18
1823.59
1265.02
877.98
1104.53
1376.29
2124.30
802.39
1870.66
1468.75
2161.31
1448.04
1936.72
693.07
1655.21
1356.77
1098.50
1514.05
1102.60
1089.03
1598.29
1245.63
1778.78
1543.18
1180.15
1671.90
1498.38
1506.01
1421.98
2193.08
1521.55
1382.61
1120.90
1132.58
1845.27
1560.59
1573.37
851.56
1497.48
1818.58
1655.91
1841.32
2062.69
884.47
1585.92
1775.06
1573.59
953.89
1851.90
651.26
1511.17
1614.59
1596.77
1205.75
796.32
1095.46
1746.53
1081.00
1605.25
1748.67
1567.18
1802.08
1226.61
1835.51
1632.12
1661.18
1759.65
423.17
1324.88
1104.60
1802.86
1720.75
493.84
1059.33
1342.04
1719.61
1978.44
1365.59
1858.25
1815.23
1055.69
1595.44
1945.31
1562.33
1580.74
1506.55
1248.47
1847.73
1449.33
1353.71
1273.01
1810.85
1384.34
702.47
1388.34
1864.64
922.13
1389.64
1635.66
1359.63
1506.64
929.90
685.05
1668.87
1654.23
1200.75
1165.22
1968.79
1539.38
1894.45
592.76
1566.56
812.68
1258.90
1314.54
863.82
900.89
1412.73
836.04
1839.88
1351.89
1316.86
1953.19
1334.46
1451.67
1549.04
1285.08
1176.47
1243.74
1230.71
1730.49
927.81
738.85
1016.59
559.74
2064.86
1670.00
1315.97
1198.55
495.51
1225.82
1446.99
1382.94
1256.42
2226.21
1241.15
1361.25
1543.69
1777.16
1748.19
1675.92
1766.82
1415.61
1860.50
1866.29
1421.83
1535.15
1498.61
772.09
1744.27
1142.19
1119.70
1868.08
1913.60
1863.59
1227.72
1672.86
917.61
858.95
1829.64
1244.94
1749.00
475.86
1450.52
1763.16
835.65
1577.96
1682.18
1953.31
246.87
1313.48
2065.88
1982.59
656.37
1328.20
1555.07
1895.25
1686.96
1973.81
1372.97
1518.75
808.89
1461.68
1104.90
749.19
1427.84
248.22
1881.08
676.66
691.78
1606.00
1339.19
2157.68
1250.75
1910.28
1963.00
922.46
1883.13
1482.02
2105.13
754.80
721.42
1627.57
1629.51
1595.26
605.65
1709.39
2164.61
1169.24
1195.64
678.39
1781.77
1745.41
1652.52
1988.39
1656.24
1549.15
522.61
1130.62
1763.30
2055.83
1787.50
1834.92
821.91
1587.58
1379.01
1971.34
1332.37
1381.45
1643.12
1540.36
719.19
1870.83
1280.99
1511.30
1899.94
1271.52
1363.00
1533.31
1925.10
775.02
870.34
2010.10
1800.39
573.48
1524.26
1573.80
1526.35
1873.37
1793.43
906.29
928.82
1745.41
1498.78
1580.33
838.18
1467.47
956.13
1471.59
1376.65
1464.63
1850.10
1705.76
902.58
1669.91
1558.84
1218.30
1375.39
1824.69
1754.15
1630.23
1763.93
1231.44
1939.27
1665.15
1854.26
1897.84
1296.86
1273.35
1529.73
1208.21
1695.51
1683.23
1860.66
1493.32
1663.61
1945.53
619.56
1276.74
659.85
1749.05
1533.02
1672.56
1430.48
763.51
1348.10
1343.99
1446.14
1248.62
1843.16
1931.48
1251.66
2047.45
695.49
1563.87
1011.80
1690.67
1228.20
1139.05
1598.87
1280.77
1218.82
670.16
1408.91
1474.48
1504.08
1845.57
1718.43
1562.58
1766.71
1756.34
1515.85
1580.59
1391.37
1256.08
1448.99
1909.69
1024.28
940.90
1944.66
735.90
1770.48
1533.06
1566.25
1392.20
1784.37
1199.53
1931.36
1832.71
859.84
1773.84
1178.44
745.32
1321.90
925.48
1833.36
1851.76
1515.55
1485.88
1660.93
345.85
1665.73
1243.04
1097.82
1716.26
1114.93
758.55
1796.72
925.13
1426.48
1658.64
748.61
1443.89
629.89
718.05
1434.41
1832.14
1086.66
1630.49
1543.40
1175.84
1848.84
1712.98
1590.33
1541.86
1461.46
1412.83
746.38
1771.82
1886.57
801.03
799.12
969.03
1673.92
1806.61
1117.51
1932.31
1241.84
1160.69
1908.19
1285.58
1945.35
762.30
1407.86
1563.40
869.79
1813.43
1322.76
1102.70
1763.87
1284.27
970.34
1808.67
1946.57
1505.06
1682.21
1243.58
1207.59
1432.06
1658.35
1357.33
1953.92
1654.95
1432.85
1244.25
833.79
1756.67
1698.19
1231.49
1391.64
1915.41
2197.79
708.86
1794.89
1717.63
834.77
277.36
1484.11
1378.57
1456.57
1129.02
853.89
1598.52
1709.00
1484.32
1744.91
1560.87
1500.51
997.72
1515.04
1007.17
1207.91
1193.45
1166.84
1115.39
626.12
917.13
1789.88
2055.48
1745.19
1883.82
1214.77
1643.11
1641.83
1264.58
1423.57
1879.33
1160.86
1690.53
1678.69
2016.49
1621.23
1382.15
1422.34
1938.07
977.66
890.84
1447.59
1572.64
1068.86
959.47
1065.52
1226.30
1863.68
1429.18
1302.96
1844.73
1616.97
1625.87
353.04
394.44
1947.59
1603.52
961.58
1811.78
850.40
1078.34
693.85
1638.43
1249.35
2043.55
877.99
1585.67
1417.42
708.84
1884.25
1200.00
671.48
1362.06
1767.40
1623.52
1334.92
1928.65
1505.46
565.68
1865.22
2101.24
1446.59
2109.77
1178.46
2153.67
1116.36
1706.38
984.69
1446.95
913.07
1135.00
1220.13
1511.83
1334.92
1514.63
839.69
715.42
1496.36
1229.41
1926.57
1948.36
1567.28
748.35
1384.36
1111.17
812.59
1610.68
1008.27
1463.17
1290.26
1415.44
1448.70
1699.80
1010.58
952.53
1839.00
1399.43
1876.71
940.22
879.70
1835.98
1033.98
1248.56
1635.13
1535.23
1302.00
262.31
1650.26
1313.80
1917.46
1259.91
1494.52
1308.51
1941.46
1717.20
1712.44
1644.01
1726.82
745.13
1913.13
1523.43
1526.62
1795.52
1826.06
1461.44
1320.92
1828.04
1734.01
1183.28
1771.72
1295.62
965.46
819.42
1339.21
1823.38
1138.97
923.26
1661.56
840.71
1550.53
1284.23
1171.74
1440.74
1539.29
1585.16
988.99
1717.24
1238.59
1087.24
959.90
1538.97
1530.92
1494.10
981.34
1339.38
914.48
1777.62
1233.88
1616.33
1046.14
2137.79
1810.44
1239.99
1915.76
1239.29
1806.80
1474.62
1176.74
1280.93
1576.96
1349.24
624.85
1559.90
1449.80
1056.28
2076.55
1261.64
1862.81
1046.02
1471.44
1087.15
1880.15
1531.89
1871.05
1616.21
1595.19
1738.72
966.27
1662.60
840.18
1399.85
1039.59
1292.92
1121.58
2059.63
1759.28
1541.17
1156.07
1056.74
1362.46
2094.15
1830.62
590.04
1217.76
1098.37
1573.38
1515.06
1380.33
1439.92
1496.64
211.12
1551.61
1794.70
1393.42
1720.99
1105.68
1684.97
1969.99
1149.44
559.18
2149.45
1165.62
1810.24
1737.24
1192.85
1974.42
1182.79
1635.00
1736.77
503.84
1465.59
268.65
1729.30
828.25
923.16
1897.03
1973.30
793.28
1488.13
1604.76
1915.72
1810.92
254.06
1593.46
1105.36
1938.86
1233.18
2008.99
2005.46
1937.63
1510.18
1723.36
1237.46
1471.52
679.47
1743.40
1501.21
997.29
1122.76
1714.86
1219.40
1819.45
300.31
1728.71
1695.37
1012.01
1197.41
822.86
1514.06
1261.00
1160.49
1266.63
1114.68
1608.62
1596.30
1145.52
1326.79
1643.83
1385.54
1584.45
1359.43
1815.04
1825.96
1136.50
1228.97
1052.19
1617.38
817.94
647.49
1226.35
819.54
1702.22
1349.43
922.97
1892.45
1046.76
1836.02
1288.35
1297.85
1369.49
772.35
1346.39
1287.31
1405.08
1874.06
834.10
1328.22
1454.29
1755.68
572.22
1423.44
1252.72
910.72
1970.41
1802.82
1119.42
1380.37
1312.06
1683.81
1660.75
1381.54
1114.76
855.19
1986.75
1256.34
1968.62
1161.16
898.94
1952.48
1388.34
1529.13
1213.73
1402.63
1527.97
1274.44
1299.38
800.93
1389.55
1376.79
1308.32
1487.18
840.58
1424.09
1067.27
1282.88
1383.28
1714.62
1913.79
1617.34
1260.87
1949.41
996.90
1665.33
1158.71
1457.77
1112.82
1197.74
1593.67
1673.56
1752.16
789.10
1259.62
2138.33
1720.88
1723.05
1339.92
1941.75
1795.24
2090.49
1580.95
1528.70
1579.38
1888.38
1467.15
1136.98
1425.72
1492.23
1341.16
699.31
1097.36
1873.53
1331.55
1553.58
1873.24
1802.72
1512.41
926.85
1576.93
1844.26
358.51
1475.64
1330.17
1585.27
1665.27
1162.51
1346.57
738.78
526.04
1230.55
1539.38
2096.40
1823.03
1730.43
1331.95
1674.22
1729.52
1898.00
928.96
1791.49
584.53
940.77
1089.46
1551.86
1024.35
1620.39
1187.65
1575.15
1599.76
1882.03
1460.68
1362.47
1735.28
1320.42
1598.90
1886.71
1652.06
1134.40
1270.39
1722.31
1120.99
1380.98
935.55
920.71
1477.74
1799.20
950.98
773.18
1210.96
1696.29
1392.04
1435.69
994.88
1823.49
1537.44
1593.32
1667.78
1535.99
1154.57
717.46
1282.79
861.24
919.19
1759.20
1966.85
1350.09
2005.60
943.96
1243.77
1023.38
942.78
1139.31
1365.48
1539.74
1540.49
729.05
1540.43
1795.05
1444.88
1308.57
1695.87
1459.45
1795.94
1213.76
929.60
1427.07
1676.10
1279.98
1063.43
1645.69
1237.18
577.29
1691.70
1624.98
866.90
1254.58
1180.52
929.33
1620.44
1525.48
1155.46
1164.36
1620.59
1648.98
1740.08
1868.09
1508.55
1503.59
1703.32
1778.84
1627.44
1928.29
1837.06
1559.07
1688.73
1211.73
1501.31
1258.97
1207.60
1760.11
1291.74
1173.33
1555.76
677.00
1834.96
1220.01
983.63
1054.50
1942.32
1537.84
1534.45
1673.35
1441.82
1662.29
878.27
1423.80
911.63
1513.61
1694.03
1017.75
1449.75
1506.82
1013.48
1233.97
856.40
1546.74
1864.38
955.27
1303.12
676.05
1568.91
550.33
1000.19
826.31
1423.04
1570.97
2073.82
2113.00
1399.50
1903.55
754.20
903.67
1869.94
1609.67
1080.90
1434.19
1530.67
1230.82
1965.28
1525.33
1043.04
2125.48
2164.46
2042.83
1655.20
1520.16
782.98
1532.10
1202.71
1590.96
1547.41
1042.49
557.86
1945.63
1399.94
902.14
1521.41
1625.51
1186.92
1581.30
1874.19
1068.92
813.10
1332.24
1805.79
696.88
610.07
587.19
1834.64
1632.02
1401.22
1846.16
1236.25
1848.24
1628.30
1352.75
1599.23
1961.40
1458.76
1295.02
1483.01
927.56
712.26
1532.00
1567.00
1572.32
1599.45
926.78
1828.79
1810.50
1529.83
1970.18
1510.80
1724.15
1445.54
2109.60
1750.66
1150.68
770.25
840.46
1752.62
1028.77
1583.34
1739.32
1445.12
1247.76
1432.70
1414.45
1558.83
759.72
1230.31
1799.01
755.58
1601.13
994.92
1635.55
1490.56
1125.23
832.67
1552.14
1409.24
1466.39
1468.60
1283.39
1595.58
1220.79
1552.25
1442.35
1836.02
903.35
1774.49
1696.97
1597.64
505.13
608.62
1809.11
1113.22
898.09
1560.58
895.03
1646.72
1705.54
1586.65
1820.17
1538.07
1511.93
1878.75
1847.67
1215.09
1338.32
1490.89
1518.68
1158.23
1162.37
1504.71
1312.32
1172.69
1668.87
1727.98
1225.37
1533.35
1761.85
650.72
656.28
1693.89
1442.10
1507.59
1756.80
1681.17
1207.42
1019.25
1675.52
1451.18
979.78
1850.79
1385.80
1826.04
1560.13
1725.09
1035.43
1459.30
1729.04
1770.32
2168.83
1003.73
608.59
1206.63
1435.24
1000.42
711.55
1773.68
1160.30
1784.23
1216.93
1770.32
1835.31
1632.52
1022.88
1504.05
1528.66
1156.63
678.11
618.56
1208.68
1828.66
1549.13
631.86
1242.51
1401.48
1708.13
1556.41
1881.20
1939.87
1903.81
1484.76
2033.02
973.71
1121.05
405.15
1718.22
1536.10
1336.68
1512.86
1575.10
2132.15
1828.10
1737.55
1476.25
1416.73
1391.54
1634.24
1964.44
1957.74
1390.17
823.41
1656.09
1196.84
1413.28
1376.58
1530.72
1816.00
1064.97
895.92
1326.81
392.04
1576.36
1536.21
1602.00
1514.04
1101.93
1147.08
1290.08
1056.82
514.39
1576.46
773.32
1642.76
971.47
1831.16
963.36
1940.93
1874.04
1766.81
1644.82
1971.00
1356.43
1880.54
472.47
1140.39
2181.90
1099.69
1246.13
1494.84
1596.80
406.97
1519.39
1477.21
1354.60
1827.34
1890.78
319.13
1539.42
509.39
1590.99
1388.45
1653.95
1449.29
1795.99
1835.02
544.44
220.67
1171.38
1188.65
1219.22
1150.89
873.43
1755.72
848.69
1872.20
1522.67
752.12
855.66
1189.71
1722.01
1746.32
795.14
1649.23
1557.60
1114.33
581.75
771.22
1498.36
1254.05
1001.12
1489.14
855.93
1623.28
650.60
1252.40
1764.37
1570.03
1968.40
1591.42
1524.64
895.41
1714.43
844.42
1666.76
1190.91
1599.03
1377.24
1267.32
1530.43
1602.54
1651.68
1410.95
1968.74
1766.10
1804.67
874.90
1892.46
1356.13
1381.51
1918.73
1658.35
1745.10
766.56
1244.69
1364.68
1908.23
1430.44
1621.37
1505.96
747.21
1503.53
1727.39
1907.14
1150.12
997.82
841.08
1518.86
2180.21
1098.75
1806.17
1682.10
1208.97
665.50
1731.94
873.56
1488.83
628.72
1136.54
1152.82
1275.80
1807.84
2012.60
799.72
1732.88
812.21
659.87
1318.11
1176.38
693.82
1545.33
1823.50
1263.43
1579.64
1143.81
1297.64
1569.17
1557.50
1172.59
1193.11
1425.04
422.77
668.34
1550.51
1211.41
1066.58
1094.77
1289.41
1132.81
898.83
1788.04
800.34
879.39
1511.02
1642.21
1631.78
1170.66
1576.30
1557.65
1558.10
1403.18
1926.27
1375.41
1714.22
1746.33
1096.72
1732.95
1500.64
1839.06
1414.77
1328.69
1734.72
1384.44
1810.14
1960.92
1898.72
1874.42
1637.47
1243.41
1582.03
1733.77
1127.27
1290.43
1078.18
1676.26
1938.76
1773.70
1895.90
1317.22
989.60
1419.07
1693.05
1530.01
1791.12
644.87
1436.87
409.85
1307.49
1950.77
1599.90
1589.50
953.55
1005.92
1686.66
1328.71
1268.55
1477.03
1299.52
1974.65
1649.56
604.56
1234.06
1758.02
1379.45
1286.63
1494.21
1439.53
1001.77
618.84
523.24
1732.30
910.87
1667.15
1875.74
1567.94
1577.25
1970.74
792.71
1435.80
1551.18
1355.44
1252.07
755.98
1870.87
1585.49
1470.11
452.25
1132.55
1578.99
1533.04
1004.52
1899.16
872.98
863.42
1412.98
1248.06
1809.50
662.19
1062.76
1699.73
2137.08
1610.66
1331.83
1107.23
697.64
1635.72
1279.66
1720.85
395.96
1742.76
1679.92
1667.12
1585.41
1872.92
939.91
753.49
1785.19
1688.34
1632.58
1226.70
1063.28
1425.64
964.09
945.83
2004.17
1022.67
1326.68
1443.80
1059.90
1216.00
1550.12
1966.01
1381.81
545.17
1461.63
1075.15
1560.77
1536.56
1232.83
1760.74
1521.10
1630.72
1950.76
1549.47
1010.04
1493.15
2166.36
1186.72
1443.58
1450.52
1099.66
1376.80
1478.86
1093.14
1552.54
773.86
1373.29
968.11
1325.78
1460.98
700.52
1413.72
1968.31
811.65
2123.96
952.18
1178.76
946.27
1649.79
1772.43
1334.56
1503.26
1274.85
978.00
800.67
1856.76
1228.71
1870.35
1780.84
1716.68
1172.92
1386.71
1463.56
1805.66
1205.59
1382.80
1642.53
765.95
1905.60
1995.21
1942.50
1783.53
1721.26
1062.34
1677.53
301.67
1391.68
1168.13
1382.37
836.10
2135.42
1410.14
1425.23
890.82
1928.37
953.04
151.68
697.84
962.94
1820.52
2020.10
1782.50
1620.29
1859.65
1335.96
1607.84
1035.90
1261.18
1468.61
956.29
808.34
1746.07
1206.95
692.79
1403.64
1774.64
1411.28
1693.37
1909.79
1230.96
1872.97
1688.85
1548.01
1686.95
1363.77
1165.33
789.58
1065.24
574.76
1582.44
1638.94
1662.93
1499.40
1222.30
1332.70
1339.65
605.27
1796.59
1715.44
1542.98
1861.92
1563.69
1351.50
2206.12
855.40
1425.65
687.41
1563.68
1427.17
974.37
1234.75
1833.30
1773.88
1681.44
1307.00
777.37
2027.27
852.52
1464.38
1376.49
1248.80
1500.77
1281.65
1406.89
1151.87
900.64
1993.14
1603.18
747.89
1871.25
1368.70
1590.66
573.26
1638.95
1456.52
481.94
1135.09
1412.32
335.41
1396.54
1199.74
1424.40
1692.65
1372.08
1254.33
1770.80
2273.31
614.22
1601.24
602.74
1620.64
1468.24
1140.17
1955.37
1612.65
1820.37
1524.15
1301.83
1879.13
1074.20
1766.33
1434.11
1300.23
1234.81
1729.57
492.21
1088.76
946.78
870.05
1748.11
778.55
1056.43
1883.05
1549.62
1243.29
348.19
1228.67
1155.94
941.44
1047.27
854.77
1630.14
1692.04
1841.66
1345.64
1808.51
836.41
1589.74
1431.65
1586.92
1463.40
2038.52
1276.04
1353.94
1428.84
1338.13
2084.57
1849.79
1537.50
1024.29
1667.09
749.94
1421.59
812.87
1852.32
1528.30
1213.90
1617.02
1569.05
2119.10
1637.00
212.27
1534.68
1743.98
1365.61
1120.74
1389.92
1577.06
1166.99
990.21
1869.93
1624.71
1588.10
2010.20
1985.92
1556.25
1308.19
1636.75
1586.27
1361.22
341.12
1607.88
1816.14
1019.65
1173.13
1736.64
674.12
591.02
643.15
1850.57
1261.51
